Ahmednagar__18.61819113_75.46033556_z19_0.png 425,174,493,265,0
Ahmednagar__18.61822138_75.45602782_z19_0.png 371,358,447,462,0
Ahmednagar__18.6228179_75.35838332_z19_0.png 325,475,448,552,0
Ahmednagar__19.06438544_74.64836398_z19_0.png 428,167,466,256,0
Ahmednagar__19.06777148_75.10677229_z19_0.png 95,234,200,263,1
Ahmednagar__19.07245442_74.24496892_z19_0.png 392,325,558,347,1
Ahmednagar__19.09172862_74.69605913_z19_0.png 431,455,498,540,1
Ahmednagar__19.11044908_74.57821385_z19_0.png 388,16,542,56,1
Ahmednagar__19.18125622_75.20792113_z19_0.png 212,295,348,354,1
Ahmednagar__19.24778287_75.43638181_z19_0.png 372,267,440,316,0
Ahmednagar__19.25105928_75.02471796_z19_0.png 315,326,393,426,1
Ahmednagar__19.26056222_74.12638881_z19_0.png 403,465,461,520,0
Ahmednagar__19.27039552_75.44841016_z19_0.png 105,104,180,176,0
Ahmednagar__19.28016247_74.09857819_z19_0.png 114,214,315,244,1
Ahmednagar__19.3177181_74.73838891_z19_0.png 424,379,502,552,0
Ahmednagar__19.32977894_75.49845782_z19_0.png 399,230,485,300,0
Ahmednagar__19.37896757_74.19110337_z19_0.png 124,435,203,516,0
Ahmednagar__19.45908609_73.84570415_z19_0.png 97,157,134,297,1
Ahmednagar_Ambika Nagar_19.0879422_75.3490578_z19_0.png 282,126,340,175,0
Ahmednagar_Balgavhan_18.64663735_75.43683623_z19_0.png 134,207,160,283,1
Ahmednagar_Bhalawani_19.11408833_74.54095711_z19_0.png 488,297,515,437,0
Ahmednagar_Chichondi Patil_19.01133757_74.90737796_z19_0.png 433,473,534,553,1
Ahmednagar_Dhoki_19.17220572_74.42848045_z19_0.png 292,82,412,126,0
Ahmednagar_Dhotre_19.87149476_74.59847164_z19_0.png 332,137,450,234,1
Ahmednagar_Hatgaon_19.34273764_75.49325374_z19_0.png 439,372,508,469,0
Ahmednagar_Jalgaon_18.65150502_75.08493841_z19_0.png 436,365,456,483,1
Ahmednagar_Khadki Kh._19.4457808_73.8516636_z19_0.png 234,55,275,264,1
Ahmednagar_Khuntephal_18.92429609_74.84143075_z19_0.png 296,205,550,459,1
Ahmednagar_Madadgaon_19.04649516_74.85712573_z19_0.png 482,90,516,171,0
Ahmednagar_Malkapur_19.3296659_75.10434279_z19_0.png 354,147,471,280,1
Ahmednagar_Malkapur_19.32987795_75.10503517_z19_0.png 96,234,213,360,1
Ahmednagar_Mandavgan_18.82686262_74.81431755_z19_0.png 466,92,553,212,0
Ahmednagar_Mandavgan_18.83291594_74.82655471_z19_0.png 130,120,194,240,0
Ahmednagar_Mohate_19.13070367_75.23537171_z19_0.png 168,140,226,185,1
Ahmednagar_Mohate_19.13740288_75.24144476_z19_0.png 384,301,447,329,1
Ahmednagar_Nagobawadi_18.6465201_75.49908072_z19_0.png 439,135,475,236,0
Ahmednagar_Patoda_18.7134059_75.2377748_z19_0.png 452,180,517,258,1
Ahmednagar_Pimpalgaon Depa_19.44248407_74.24703732_z19_0.png 390,151,443,322,0
Ahmednagar_Prabhupimpri_19.24028892_75.21828405_z19_0.png 112,64,219,219,1
Ahmednagar_Ranjangaon_18.90889551_74.62635448_z19_0.png 431,234,487,327,0
Ahmednagar_Shingve Tukai_19.31370281_74.88096808_z19_0.png 28,532,156,558,1
Ahmednagar_Shiswad_19.44185497_73.82525747_z19_0.png 389,425,573,566,1
Ahmednagar_Sonegaon_18.56959368_75.41214953_z19_0.png 392,135,627,216,1
Ahmednagar_Takali Lonar_18.6966085_74.78503685_z19_0.png 122,166,209,233,1
Ahmednagar_Thombal Sangvi_18.88543215_74.88149762_z19_0.png 260,137,359,484,1
Ahmednagar_Wadgaon Tandali_18.91895127_74.78817812_z19_0.png 431,80,449,199,1
Akola__20.46781996_76.89227284_z19_0.png 91,413,151,484,1
Akola__20.48918471_76.74438785_z19_0.png 88,67,256,193,1
Akola__20.54028542_76.80366632_z19_0.png 150,281,495,496,1
Akola__20.54105085_76.96711175_z19_0.png 484,187,541,222,0
Akola__20.5570093_76.97042384_z19_0.png 243,300,301,334,0
Akola__20.57093_76.94372108_z19_0.png 188,248,317,370,0
Akola__20.65321547_76.92794585_z19_0.png 341,277,410,343,0
Akola__20.66494205_77.41404643_z19_0.png 288,549,408,579,0 172,125,226,230,0
Akola__20.7074019_77.38984658_z19_0.png 418,431,501,538,1
Akola__20.7175446_77.40543214_z19_0.png 360,232,464,328,1
Akola__20.72055292_77.40958857_z19_0.png 357,142,412,256,1
Akola_Bagayat Patur_20.46988027_76.92213603_z19_0.png 347,294,427,344,1
Akola_Barlinga_20.65745312_76.93624414_z19_0.png 223,189,278,271,0
Akola_Bhadraj Budruk_20.51764341_76.9174602_z19_0.png 194,126,235,248,1
Akola_Goregaon_20.7120541_77.28546761_z19_0.png 307,493,376,526,0
Akola_Kupta_20.64884725_76.82025187_z19_0.png 266,409,485,444,1
Akola_Laukhed_20.52933205_76.77506301_z19_0.png 363,291,416,360,0
Akola_Lodhipur_20.66207929_77.36054819_z19_0.png 150,209,290,265,0
Akola_nalkande_20.65626815_76.80874086_z19_0.png 414,127,601,266,1
Akola_Pangartati_20.39306944_76.75596901_z19_0.png 154,138,298,193,1
Akola_Pathardi_21.02664451_76.93694208_z19_0.png 321,310,360,361,0
Akola_Patur_20.52537719_76.79165025_z19_0.png 328,234,555,578,1
Akola_Pimpri Khurd_21.14262167_76.977565_z19_0.png 304,312,347,348,0
Akola_Raher_20.45488104_76.71227564_z19_0.png 127,98,235,264,1
Akola_Ramkhed_20.66932751_77.36103587_z19_0.png 282,212,387,258,0
Akola_Titawa_20.45914331_77.25522006_z19_0.png 366,315,457,376,0
Amravati__20.93907063_78.04823294_z19_0.png 158,241,243,329,0
Amravati__20.96746871_77.83316674_z19_0.png 394,417,480,465,1
Amravati__21.1112505_77.2226892_z19_0.png 334,265,389,350,1
Amravati__21.275335_77.45224667_z19_0.png 329,465,399,505,1
Amravati__21.34131167_77.69093833_z19_0.png 249,363,324,387,1
Amravati__21.34864766_77.32987042_z19_0.png 341,305,465,338,1
Amravati__21.353245_77.70720333_z19_0.png 178,289,240,318,1
Amravati__21.35564718_77.3325116_z19_0.png 351,185,404,317,1
Amravati__21.35788951_77.84609019_z19_0.png 272,328,358,384,0
Amravati__21.39908002_78.29438348_z19_0.png 315,369,422,441,1
Amravati__21.40318895_78.26805299_z19_0.png 311,335,412,409,1
Amravati__21.40654333_78.33135_z19_0.png 297,253,370,313,0
Amravati__21.51346332_76.9527963_z19_0.png 306,352,362,435,1
Amravati__21.67168874_77.49602808_z19_0.png 288,225,356,304,1
Amravati__21.68407432_77.4969682_z19_0.png 295,256,359,329,1
Amravati_Bihali_21.39552072_77.46025361_z19_0.png 477,156,551,285,1
Amravati_Bodhara_21.49518641_77.04947544_z19_0.png 362,348,459,425,0
Amravati_Chobita_21.68567916_77.4963392_z19_0.png 343,348,386,443,1
Amravati_Dahigaon_20.81029014_77.61675311_z19_0.png 367,315,436,395,0
Amravati_Dahigaon Bk._21.22339307_77.26903332_z19_0.png 267,284,342,326,1
Amravati_Degaon_21.0009209_77.8081943_z19_0.png 310,345,388,392,1
Amravati_Dhanora Gurav_20.68905798_77.76102363_z19_0.png 415,273,472,416,1
Amravati_Ghoddeo Kh._21.40372181_78.06202553_z19_0.png 364,512,454,579,0
Amravati_Hinglaspur_20.73435343_77.67818609_z19_0.png 356,248,424,290,0
Amravati_Januna_20.79684976_77.74154975_z19_0.png 197,287,301,325,0
Amravati_Januna Village_20.78227485_77.73859858_z19_0.png 320,268,442,319,0
Amravati_Jasapur_20.7778977_77.73995985_z19_0.png 197,270,328,320,0
Amravati_Karala_20.89692724_77.97258007_z19_0.png 286,250,349,321,0
Amravati_Karala_20.91163782_77.94207156_z19_0.png 266,238,318,291,0
Amravati_Khirsana_20.78325454_77.77479137_z19_0.png 368,315,416,371,0
Amravati_Khirsana_20.78650517_77.77607076_z19_0.png 339,288,393,334,0
Amravati_Kulgana Bk._21.3490197_77.3360385_z19_0.png 309,255,428,313,1
Amravati_Mozari_21.03406368_78.00743007_z19_0.png 290,204,332,268,1
Amravati_Mozari_21.05058781_78.00006441_z19_0.png 309,324,404,436,1
Amravati_Sahapur N Wadgaon_21.27940833_77.45243833_z19_0.png 265,266,342,297,1
Amravati_Shelu Bajar_20.86336664_77.47879132_z19_0.png 316,186,359,292,1
Amravati_Shirajgaon Mozari_21.02627606_77.99772957_z19_0.png 136,129,184,180,1
Amravati_Silod_20.72154153_77.79198392_z19_0.png 305,203,370,244,0
Amravati_Thadipavni_21.361023_78.30226508_z19_0.png 300,267,342,384,1
Amravati_Tongalabad_20.69403898_77.91194376_z19_0.png 432,163,492,229,0
Amravati_Wadala_21.39521561_78.29137588_z19_0.png 299,216,405,268,1
Amravati_Wadgaon jire_20.79303123_77.86369016_z19_0.png 246,126,330,164,0
Amravati_Wandli_21.02408667_77.594785_z19_0.png 201,302,245,372,1
Amravati_Warkhed_21.06102697_78.13538433_z19_0.png 342,329,476,532,1
Amravati_Waroli_21.33052102_77.82261792_z19_0.png 191,241,300,323,0
Aurangabad__19.71849895_75.27644443_z19_0.png 69,154,123,239,0
Aurangabad__19.77543266_75.31814999_z19_0.png 118,471,191,541,0
Aurangabad__19.89628699_74.95236166_z19_0.png 192,62,319,108,0
Aurangabad__19.9436087_75.39687412_z19_0.png 507,270,568,331,0
Aurangabad__19.99750849_75.58390954_z19_0.png 440,414,524,504,1
Aurangabad__20.11208401_75.33719696_z19_0.png 423,369,486,526,1
Aurangabad__20.17980763_75.26719214_z19_0.png 267,365,294,496,1
Aurangabad__20.18711504_75.26907125_z19_0.png 76,344,153,416,1
Aurangabad__20.20813784_75.42282843_z19_0.png 206,482,262,576,1
Aurangabad__20.25235756_75.49395305_z19_0.png 153,444,187,529,1
Aurangabad__20.2567483_75.48962269_z19_0.png 330,268,422,318,1
Aurangabad__20.26054113_75.48740663_z19_0.png 436,504,546,544,1
Aurangabad__20.43576251_75.72893308_z19_0.png 191,462,258,538,1
Aurangabad__20.53529078_75.74258998_z19_0.png 263,364,355,448,0
Aurangabad_Bazar Sawangi_20.12231002_75.31479932_z19_0.png 278,298,344,398,0
Aurangabad_Bazar Sawangi_20.12382315_75.31114384_z19_0.png 158,461,197,553,1
Aurangabad_Bokud Jalgaon_19.76215024_75.33814118_z19_0.png 286,523,358,597,0
Aurangabad_Borsar_20.01034562_74.84785791_z19_0.png 466,75,530,123,1
Aurangabad_Dahegaon_20.32020175_75.71193385_z19_0.png 63,444,130,571,1
Aurangabad_Gadhe Jalgaon_19.85935335_75.59483036_z19_0.png 450,452,516,507,0
Aurangabad_Jalgaon Feran_19.87856145_75.63008371_z19_0.png 414,328,469,395,0
Aurangabad_Jangla Tanda_20.58717169_75.67519726_z19_0.png 438,84,528,168,0
Aurangabad_Kerhala_20.27574211_75.59364037_z19_0.png 340,326,401,458,1
Aurangabad_Kobapur_19.74524265_75.05941582_z19_0.png 89,81,401,255,1
Aurangabad_Konewadi_19.92334155_75.61977693_z19_0.png 324,390,415,458,0
Aurangabad_Koparwel_20.28321865_75.43557706_z19_0.png 127,90,183,131,0
Aurangabad_Kutubpur_20.34177224_75.56843941_z19_0.png 260,498,365,547,1
Aurangabad_Mirakhnagar_19.95253453_74.86297444_z19_0.png 430,370,488,444,1
Aurangabad_Mukhed_20.55511573_75.34441951_z19_0.png 177,372,273,507,1
Aurangabad_Pachod Kh._19.57807304_75.64870623_z19_0.png 169,53,234,192,0
Aurangabad_Shindephal_20.42024385_75.53401889_z19_0.png 259,68,339,147,0 77,335,161,420,0
Aurangabad_Sisarkheda_20.3261497_75.55785314_z19_0.png 118,426,293,501,1
Aurangabad_Talyachi Wadi_20.02254667_75.15193911_z19_0.png 404,171,458,197,0
Aurangabad_Tanda Bk._19.62908622_75.49056424_z19_0.png 164,370,280,403,1
Aurangabad_Uchalti_19.80330425_75.5428264_z19_0.png 129,130,199,190,0
Aurangabad_Verul_20.02485324_75.17310826_z19_0.png 64,416,123,511,1
Aurangabad_Wadner_20.24743559_75.02192621_z19_0.png 437,484,495,559,0
Aurangabad_Wajnapur_19.83069167_75.0013_z19_0.png 137,313,218,356,1
Aurangabad_Wasai_20.52162031_75.67766455_z19_0.png 249,477,324,562,0
Beed__18.6262106_76.00229513_z19_0.png 179,411,212,458,0
Beed__18.67437667_76.15422371_z19_0.png 134,250,201,314,0
Beed__18.72116872_76.67959336_z19_0.png 243,50,293,101,1
Beed__18.72829737_76.48337511_z19_0.png 177,463,231,506,0
Beed__18.74621065_76.54449661_z19_0.png 135,369,184,432,0 432,392,501,422,1
Beed__18.75377449_76.51488137_z19_0.png 145,79,169,139,1
Beed__18.75678553_76.49079016_z19_0.png 441,471,509,534,1
Beed__18.75815204_76.60462562_z19_0.png 403,330,432,394,1
Beed__18.77612936_75.90334849_z19_0.png 435,470,573,523,1
Beed__18.78434889_76.54031425_z19_0.png 408,35,463,165,1
Beed__18.78444763_76.0302877_z19_0.png 513,390,559,461,1
Beed__18.78655915_76.54495003_z19_0.png 432,428,518,493,1
Beed__19.06990472_75.66327878_z19_0.png 444,441,473,491,1
Beed__19.14971102_75.97841924_z19_0.png 358,213,401,268,0
Beed_Adas_18.78690534_76.24419616_z19_0.png 115,521,218,628,0 410,52,498,120,1
Beed_Ambewadi_18.90967_75.35517831_z19_0.png 279,73,365,125,0
Beed_Bhatanwadi_18.70856691_76.66485385_z19_0.png 469,299,509,354,1
Beed_Bhilegaon_18.91936214_76.39936124_z19_0.png 437,106,518,258,1
Beed_Bhojnakwadi_18.75977361_76.60641415_z19_0.png 501,454,579,493,1
Beed_Borgaon Bk._18.66800001_75.9581614_z19_0.png 210,126,345,273,1
Beed_Chandanwadi_18.68931784_76.55030041_z19_0.png 294,505,427,608,1
Beed_Deogaon_18.79952533_75.89112348_z19_0.png 433,481,534,522,1
Beed_Ghagarwada_18.85993084_76.06404132_z19_0.png 479,510,541,567,0
Beed_Guttewadi_18.75325012_76.66239518_z19_0.png 114,143,143,216,1
Beed_Hadgaon_18.62991629_75.99404491_z19_0.png 350,293,533,327,1
Beed_Indiranagar_18.78842801_76.57634099_z19_0.png 482,220,539,254,1
Beed_Kaij_18.71494965_76.08154052_z19_0.png 221,165,278,275,1
Beed_Kalegaon Ghat_18.7107623_75.94919721_z19_0.png 430,444,564,589,1
Beed_Karewadi_18.87869395_76.29309127_z19_0.png 241,524,269,590,1
Beed_Katkarwadi_18.72382319_76.68388176_z19_0.png 352,51,410,116,1
Beed_Katkarwadi_18.72834171_76.68587403_z19_0.png 126,188,195,226,1
Beed_Kaudgaon huda_19.01549007_76.4422951_z19_0.png 501,322,560,367,0
Beed_Kekanwadi_18.78505484_76.24182546_z19_0.png 242,343,317,414,1
Beed_Khodwa Sawargaon_18.80956362_76.65539765_z19_0.png 129,68,202,110,1
Beed_Khodwa Sawargaon_18.81020879_76.64834838_z19_0.png 279,53,457,99,1
Beed_Khokarmoha_19.00290146_75.55846554_z19_0.png 139,28,257,64,1
Beed_Koyal_18.92525371_74.86830134_z19_0.png 416,269,507,340,0
Beed_Maindwadi_18.76590418_76.56341855_z19_0.png 488,147,548,198,1
Beed_Mandava_18.83099805_76.59487675_z19_0.png 285,444,489,513,1
Beed_Nandagaul_18.77269371_76.5086529_z19_0.png 211,542,268,575,1
Beed_Nandagaul_18.79317313_76.51556649_z19_0.png 337,59,391,81,1
Beed_Patoda_18.62477631_76.30367256_z19_0.png 373,338,543,492,1
Beed_Patoda_18.63427275_76.30833928_z19_0.png 29,460,110,506,1
Beed_Patoda_18.63622145_76.3086102_z19_0.png 401,171,458,225,1
Beed_Saradgaon_18.84559421_76.62585299_z19_0.png 476,119,560,242,1
Beed_Sasura_18.78513372_75.89840047_z19_0.png 407,519,543,544,1
Beed_Shindhi_18.78958262_75.95192901_z19_0.png 296,359,365,404,0
Beed_Shiral_18.76352833_75.08316833_z19_0.png 372,383,538,496,1
Beed_Tamba Rajuri_18.85092816_75.47426674_z19_0.png 332,277,412,365,0
Beed_Udandwadgaon_18.81355485_75.72405931_z19_0.png 140,220,259,259,0
Beed_Umrad Jahagir_19.06422447_75.66381597_z19_0.png 218,114,402,189,1
Bhandara__20.99542992_79.71234824_z19_0.png 314,304,334,351,1
Bhandara__21.32540941_79.75025773_z19_0.png 359,351,421,423,0
Bhandara__21.41044667_79.57134667_z19_0.png 312,251,369,324,0
Bhandara__21.48708469_79.5692892_z19_0.png 506,91,588,138,0 64,414,103,490,0
Bhandara__21.52687847_79.70972307_z19_0.png 227,132,319,222,0
Bhandara_Bonde_21.22076599_79.77105074_z19_0.png 312,270,366,353,0
Bhandara_Chulhardoh_21.48186627_79.88879887_z19_0.png 275,306,332,372,0
Bhandara_Hingana_21.40172333_79.71618667_z19_0.png 424,397,468,467,0
Bhandara_Hingana_21.41217285_79.6959739_z19_0.png 265,279,332,356,0
Bhandara_Kardi_21.28293909_79.79692998_z19_0.png 127,173,202,218,1
Bhandara_Khodgaon_21.28172761_79.65634636_z19_0.png 35,270,96,348,0
Bhandara_Lohara_21.411155_79.61156167_z19_0.png 218,236,280,314,0
Bhandara_Manegaon_21.0839337_79.6489895_z19_0.png 276,323,327,343,1
Bhandara_Mathadi_21.1178902_79.69830939_z19_0.png 205,265,278,333,0
Bhandara_Matora_21.17563913_79.72173332_z19_0.png 305,286,332,353,1
Bhandara_Nerla_21.38494667_79.625465_z19_0.png 184,276,311,350,0
Bhandara_Palasgaon_21.01147235_80.05810303_z19_0.png 252,185,303,213,1
Bhandara_Pawanara_21.46022995_79.70508015_z19_0.png 331,305,371,334,1
Bhandara_Yerli_21.417625_79.77639333_z19_0.png 265,258,310,306,0
Buldhana__19.8584598_76.54935199_z19_0.png 378,144,453,206,0
Buldhana__20.11161037_76.35746431_z19_0.png 346,520,392,588,0
Buldhana__20.13350853_76.17033187_z19_0.png 317,261,361,339,1
Buldhana__20.30258907_76.22506809_z19_0.png 366,411,409,476,0
Buldhana__20.31221797_76.22412672_z19_0.png 516,397,563,443,0
Buldhana__20.48115056_76.6911044_z19_0.png 343,425,421,592,1
Buldhana__20.85281122_76.13568229_z19_0.png 235,119,280,153,0
Buldhana__20.88080386_76.12470695_z19_0.png 171,100,231,151,0
Buldhana__21.0745653_76.71813578_z19_0.png 422,427,580,477,1
Buldhana_Asola Jahagir_20.00460329_76.12197907_z19_0.png 504,120,559,159,0
Buldhana_Borala_20.35011756_76.16279838_z19_0.png 101,129,145,198,0
Buldhana_Gavhan_20.69939169_76.70014168_z19_0.png 65,168,176,211,1
Buldhana_Hatedi Bk._20.47788067_76.11388081_z19_0.png 334,213,429,294,0
Buldhana_Khadki_20.57819682_76.17284178_z19_0.png 349,329,461,399,0
Buldhana_Khamkhed Pr.Malkapur_20.88806335_76.12290009_z19_0.png 416,521,489,562,0
Buldhana_Khamkhed Pr.Malkapur_20.88957881_76.1221599_z19_0.png 378,501,448,553,0
Buldhana_Khamkhed Pr.Malkapur_20.89149605_76.12267579_z19_0.png 166,237,226,284,0
Buldhana_Khaparkhed_20.87254774_76.23710693_z19_0.png 50,208,249,259,1
Buldhana_Lokhanda_20.5614024_76.55007461_z19_0.png 152,457,263,529,1
Buldhana_Mangrul Pr Kherda_20.18428734_76.15158016_z19_0.png 189,106,227,170,0
Buldhana_Mohegaon_20.58831769_76.19674411_z19_0.png 403,350,468,405,0
Buldhana_Naydevi_20.57058459_76.56574306_z19_0.png 454,283,486,351,0
Buldhana_Parda_20.64646664_76.21250086_z19_0.png 61,470,150,513,0
Buldhana_Pimpalgaon Nath_20.65654316_76.32784468_z19_0.png 374,209,520,300,1
Buldhana_Pimpalkhuta_20.00619841_76.16787425_z19_0.png 123,88,155,138,0
Buldhana_Rajur_20.60922941_76.17465839_z19_0.png 38,127,137,267,1
Buldhana_Sakhali Bk._20.47327571_76.21709772_z19_0.png 144,328,215,465,1
Buldhana_Shrikshetra Nagzari_20.75890424_76.74501213_z19_0.png 507,295,581,338,0
Buldhana_Undri_20.4654016_76.45525681_z19_0.png 339,482,427,565,0
Chandarpur__19.85478146_79.49174857_z19_0.png 388,256,436,294,1
Chandarpur__19.85595774_79.26205806_z19_0.png 68,125,173,254,1
Chandarpur__20.05031222_79.48077149_z19_0.png 266,448,464,545,1
Chandarpur__20.18113839_78.99685364_z19_0.png 99,99,209,137,1
Chandarpur__20.18581456_78.99538168_z19_0.png 344,276,392,322,0
Chandarpur__20.29718756_79.80732293_z19_0.png 347,442,398,484,1
Chandarpur__20.32347553_79.04182314_z19_0.png 340,232,392,280,0
Chandarpur__20.34466591_78.99739554_z19_0.png 232,269,334,309,0
Chandarpur__20.39258285_79.0350851_z19_0.png 355,151,393,202,1
Chandarpur__20.43800077_79.37910135_z19_0.png 360,82,399,182,1
Chandarpur__20.59985575_79.48139448_z19_0.png 155,180,183,239,1
Chandarpur__20.67152386_79.58644197_z19_0.png 155,459,192,506,1
Chandarpur_Bhendvi_19.67286612_79.22683497_z19_0.png 318,234,387,264,1
Chandarpur_Borgaon_19.87319307_79.14667489_z19_0.png 181,395,250,447,0
Chandarpur_Borgaon Kh._19.70667388_79.01423856_z19_0.png 79,532,163,579,1
Chandarpur_Chak Borda_20.02432977_79.43663505_z19_0.png 78,179,141,258,1
Chandarpur_Gadchandur_19.71300265_79.16505428_z19_0.png 488,419,565,455,0
Chandarpur_Hingnala_19.91809465_79.26213536_z19_0.png 124,56,232,135,1
Chandarpur_Jamani_19.70833066_79.16057806_z19_0.png 113,310,197,397,0
Chandarpur_Kalamana_19.77131017_79.25963883_z19_0.png 115,102,177,188,1
Chandarpur_Kalmana_19.84802597_79.44305092_z19_0.png 413,290,458,330,0
Chandarpur_Khapari Chak_19.82468764_79.70929817_z19_0.png 381,120,480,239,1
Chandarpur_Kunghada_20.64440336_79.65440408_z19_0.png 128,118,197,141,1
Chandarpur_Lakhamapur_19.76119759_79.20288494_z19_0.png 393,546,460,573,1
Chandarpur_Mendaki_20.45974856_79.8271947_z19_0.png 486,128,513,196,1
Chandarpur_Nandgaon_19.84047805_79.20733156_z19_0.png 353,367,425,427,0
Chandarpur_Nandori Kh._20.16646893_79.07645124_z19_0.png 432,70,487,194,0
Chandarpur_Narpathar_19.63832083_78.98386989_z19_0.png 198,278,268,378,0
Chandarpur_Pawana Rt._20.24190948_79.07632176_z19_0.png 314,206,401,292,0
Chandarpur_Shed Wahi_19.63557771_78.9742216_z19_0.png 409,384,481,470,0
Chandarpur_Siddheshwar_19.6204763_79.32518577_z19_0.png 277,305,337,367,0
Chandarpur_Tarsa Bk._19.68432669_79.77266786_z19_0.png 370,339,433,372,0
Chandarpur_Titvi_19.61018355_79.21206032_z19_0.png 424,280,504,375,0
Chandarpur_Uchali_20.65672648_79.81244562_z19_0.png 435,135,490,176,0
Chandarpur_Wandra_20.41368675_79.93550028_z19_0.png 318,254,394,313,1
Chandarpur_Zulbardi_19.73085264_79.11101106_z19_0.png 396,469,451,512,0
Chandarpur_गिलबीली_19.92045974_79.46757068_z19_0.png 144,316,202,414,1
Dhule__20.69953259_74.91185137_z19_0.png 461,354,512,424,1
Dhule__20.70255941_74.91592345_z19_0.png 373,309,520,398,1
Dhule__20.70866997_74.91353846_z19_0.png 302,205,353,312,1
Dhule__20.74079872_74.92993023_z19_0.png 217,3,516,638,1
Dhule__20.89253015_74.33422998_z19_0.png 358,313,477,342,1
Dhule__20.90051656_74.91104452_z19_0.png 263,317,320,442,1
Dhule__20.9225123_74.87786207_z19_0.png 315,304,351,579,1
Dhule__20.9575286_74.30594353_z19_0.png 287,347,525,425,1
Dhule__20.95963381_74.79426802_z19_0.png 308,335,387,427,1
Dhule__20.99650123_74.27960575_z19_0.png 313,162,363,324,1
Dhule__21.0049985_74.2573215_z19_0.png 238,314,311,549,1
Dhule__21.0064016_74.2511307_z19_0.png 241,304,335,479,1
Dhule__21.00985044_74.24320019_z19_0.png 348,198,447,320,1
Dhule__21.01011471_74.06283871_z19_0.png 438,308,587,378,1
Dhule__21.01318491_74.27727507_z19_0.png 356,300,458,335,1
Dhule__21.01595692_74.24218507_z19_0.png 215,319,296,350,1
Dhule__21.02080292_74.21489265_z19_0.png 312,118,370,328,1
Dhule__21.10430797_74.66261722_z19_0.png 361,300,537,324,1
Dhule__21.12901172_74.68994795_z19_0.png 173,308,311,362,1
Dhule__21.13934031_74.66415086_z19_0.png 297,30,430,177,1
Dhule__21.15154324_74.80118842_z19_0.png 190,102,348,319,1
Dhule__21.19202157_74.81721704_z19_0.png 358,167,393,297,1
Dhule__21.27000268_74.54069595_z19_0.png 358,287,470,319,1
Dhule_Aichale_21.25526346_74.39879879_z19_0.png 221,343,315,465,1
Dhule_Akhade_21.15371417_74.33044075_z19_0.png 333,178,368,364,1
Dhule_Amarale_21.13369958_74.65837612_z19_0.png 171,290,315,368,1
Dhule_Ashtane_21.0013589_74.2650048_z19_0.png 151,295,303,533,1
Dhule_Balapur_20.89553228_74.80746853_z19_0.png 158,264,420,377,1
Dhule_Boris_21.08449475_74.63007759_z19_0.png 173,311,297,365,0
Dhule_Chhavadi_21.08946737_74.4935748_z19_0.png 233,78,258,369,1
Dhule_Chhavadi_21.09253848_74.4844828_z19_0.png 338,199,467,335,1
Dhule_Chhavadi_21.09413458_74.48228165_z19_0.png 280,79,318,366,1
Dhule_Chilare_21.38430615_75.00213478_z19_0.png 99,274,208,371,0
Dhule_Chinchkhede_20.84434066_74.93425397_z19_0.png 321,282,483,318,1
Dhule_Chirne_21.23620133_74.73058383_z19_0.png 67,44,515,611,1
Dhule_Dabli_21.18236298_74.79995606_z19_0.png 344,336,387,401,0
Dhule_Dalwade P.s._21.18063256_74.69915491_z19_0.png 326,323,435,409,1
Dhule_Darkheda_21.21470667_74.70455167_z19_0.png 251,308,325,343,1
Dhule_Dhandarne_21.18184862_74.77321052_z19_0.png 343,292,422,352,0
Dhule_Hatti Kh._21.2112659_74.4230285_z19_0.png 165,267,247,332,1
Dhule_Kadhare_21.13852892_74.50973076_z19_0.png 358,293,387,400,1
Dhule_Kampur_21.2803004_74.6342928_z19_0.png 274,347,336,400,0
Dhule_Khatyal_20.86983244_74.01269846_z19_0.png 265,280,363,304,1
Dhule_Kuttarkhamb_21.0016306_74.0625766_z19_0.png 247,169,331,310,1
Dhule_Kuttarkhamb_21.0132894_74.04676751_z19_0.png 290,167,336,318,1
Dhule_Melane_21.16733111_74.8358421_z19_0.png 267,270,366,327,1
Dhule_Mhasdi_20.89306735_74.42857751_z19_0.png 207,300,327,353,1
Dhule_Mhasdi Pr.ner_20.93051323_74.43842707_z19_0.png 321,359,381,442,1
Dhule_Nagaon Bari_20.95635553_74.7777649_z19_0.png 191,200,308,329,1
Dhule_Nagpur_20.95631991_74.29352234_z19_0.png 302,280,595,549,1
Dhule_Nirgudi_21.26761153_74.7895409_z19_0.png 201,48,330,328,1
Dhule_Panakhed_21.50734186_75.01002896_z19_0.png 476,467,541,514,1
Dhule_Rohane_21.13637654_74.6883792_z19_0.png 499,38,614,88,1
Dhule_Sindkheda_21.26089404_74.74664279_z19_0.png 37,130,605,318,1
Dhule_Sukawad Pr. Dangari_21.01400763_74.88882165_z19_0.png 337,302,468,343,1
Dhule_Tamthre_21.10810411_74.66178514_z19_0.png 317,310,462,339,1
Dhule_Tarvade_20.66751122_74.87862879_z19_0.png 357,293,428,374,1
Dhule_Varsus_21.15304037_74.24650204_z19_0.png 122,308,322,382,1
Dhule_Varzadi_21.41935785_74.92110348_z19_0.png 283,243,353,317,0
Dhule_Varzadi_21.42048751_74.91897439_z19_0.png 226,297,333,363,0
Dhule_Waghadi Kh_21.09474517_74.82393677_z19_0.png 271,293,347,348,1
Gadchiroli__19.52721025_79.9394518_z19_0.png 130,118,193,182,0
Gadchiroli__19.53768362_79.94407477_z19_0.png 100,372,187,470,0
Gadchiroli__19.54351962_79.92061206_z19_0.png 121,78,180,150,0
Gadchiroli__19.65826785_80.0399082_z19_0.png 296,102,373,152,0
Gadchiroli__20.28676728_80.15487972_z19_0.png 166,187,219,271,0
Gadchiroli__20.39461576_80.14682451_z19_0.png 279,79,319,144,0
Gadchiroli__20.54326186_80.05724489_z19_0.png 225,270,269,323,0
Gadchiroli__20.54728192_80.22125132_z19_0.png 400,283,468,362,0
Gadchiroli__20.58684404_80.04327164_z19_0.png 448,118,512,180,0
Gadchiroli__20.5939971_80.56807126_z19_0.png 449,159,503,206,1
Gadchiroli__20.65482439_80.06600739_z19_0.png 143,235,198,304,0
Gadchiroli__20.68036832_80.54639146_z19_0.png 216,120,278,157,0
Gadchiroli_Bhagawanpur_20.52512239_80.12513726_z19_0.png 190,222,255,243,1
Gadchiroli_Bihate Kh_20.76616406_80.52842666_z19_0.png 405,301,437,344,1
Gadchiroli_Gurwada_20.11977291_80.05336843_z19_0.png 195,141,352,257,1
Gadchiroli_Joshitola_20.67368502_80.28785098_z19_0.png 67,363,126,423,0
Gadchiroli_Kaimul_20.81395124_80.48936944_z19_0.png 93,308,139,330,1
Gadchiroli_Kondhala_20.55221339_79.9639748_z19_0.png 438,382,474,429,1
Gadchiroli_Krupala_20.13278638_80.01318118_z19_0.png 82,230,150,271,1
Gadchiroli_Laheri s_19.4416357_80.7244739_z19_0.png 386,358,434,442,1
Gadchiroli_Machhigatta_19.51432092_79.87712601_z19_0.png 135,152,176,216,0
Gadchiroli_Maroda_19.8602645_79.89423158_z19_0.png 150,247,241,321,0
Gadchiroli_Putargondi_20.53009561_80.58676435_z19_0.png 187,272,235,346,1
Gadchiroli_Sawali_20.8009517_80.47798888_z19_0.png 271,417,331,466,0
Gadchiroli_Uradi_20.49478703_80.21263895_z19_0.png 478,416,529,500,0
Gadchiroli_Zinganoor_18.88462949_80.1753923_z19_0.png 237,240,305,290,1
Gondiya__20.82521217_80.56100083_z19_0.png 233,265,292,328,0
Gondiya__20.83338095_80.53974886_z19_0.png 281,370,343,423,0
Gondiya__21.11357084_80.41959444_z19_0.png 174,188,289,229,1
Gondiya__21.32574003_80.54323699_z19_0.png 137,347,167,439,0
Gondiya_Bora_21.48944634_79.98487229_z19_0.png 216,163,303,262,0
Gondiya_Chandsuraj_21.23677065_80.60287492_z19_0.png 490,485,566,548,0
Gondiya_Chandsuraj_21.23901142_80.603918_z19_0.png 440,212,539,230,1
Gondiya_Chandsuraj_21.2410075_80.6175276_z19_0.png 360,313,399,363,0
Gondiya_Chilhati_20.90523576_80.51642906_z19_0.png 471,326,504,376,0
Gondiya_Dhamditola_20.84287695_80.47054766_z19_0.png 219,434,300,467,0
Gondiya_Khodgaon_21.36149246_79.89547227_z19_0.png 253,331,295,397,0
Gondiya_Kinhi_21.56231052_80.11526688_z19_0.png 385,272,457,337,0
Gondiya_Managad_21.25350166_80.52216091_z19_0.png 419,271,498,339,0
Gondiya_Muletipadi Kasa_20.82603568_80.55068582_z19_0.png 437,381,515,463,0
Gondiya_Murmadi_20.9133793_80.52425557_z19_0.png 413,315,460,357,0
Gondiya_Murmadi_20.92656647_80.53411389_z19_0.png 406,298,445,360,0
Gondiya_Navegaon_21.51872772_80.10466809_z19_0.png 245,298,335,345,0
Hingoli__19.61222636_77.25065815_z19_0.png 283,220,343,285,0
Hingoli__19.7026079_77.27775404_z19_0.png 229,276,295,344,0
Hingoli__19.72292143_77.32113273_z19_0.png 278,343,362,379,0
Hingoli__19.88489098_76.76948266_z19_0.png 241,272,292,340,0
Hingoli_Chapnath_19.60863098_77.31204437_z19_0.png 281,278,346,336,0
Hingoli_Hatta Tanda_19.75077864_76.78845675_z19_0.png 546,247,596,295,0
Hingoli_Khed_19.64338809_77.21397876_z19_0.png 302,311,364,377,0
Hingoli_Masod_19.71606738_77.28611181_z19_0.png 290,299,356,330,0
Hingoli_Poor_19.60533861_77.19847569_z19_0.png 282,363,330,413,0
Hingoli_Ramwadi_19.73389872_77.30710844_z19_0.png 269,272,334,343,0
Hingoli_Sadas Tarf Nandapur_19.63262991_77.28587736_z19_0.png 331,275,400,413,0
Hingoli_Shirad Shahpur_19.462815_77.094365_z19_0.png 207,264,277,320,0
Hingoli_Sinagi naga_19.80663662_76.91893968_z19_0.png 336,415,410,462,0
Hingoli_Sukli Kh_19.83644365_76.89651148_z19_0.png 309,357,354,388,0
Hingoli_Waranga Tarf Nandapur_19.64015441_77.26550713_z19_0.png 218,266,268,332,0
Jalgaon__20.39055667_74.83910333_z19_0.png 532,201,632,338,1
Jalgaon__20.514025_75.19991667_z19_0.png 372,303,427,356,1
Jalgaon__20.521025_75.20136_z19_0.png 324,351,405,375,1
Jalgaon__20.65441678_75.27049489_z19_0.png 286,348,308,442,1
Jalgaon__20.68214744_75.45957727_z19_0.png 208,231,249,282,0
Jalgaon__20.69976881_75.304433_z19_0.png 335,277,355,378,1
Jalgaon__20.73042833_75.80521_z19_0.png 325,300,531,387,1
Jalgaon__20.84013158_75.26497457_z19_0.png 342,239,503,447,1
Jalgaon__20.96290096_75.96777786_z19_0.png 251,292,336,422,1
Jalgaon__20.96899002_75.92423861_z19_0.png 459,190,557,244,1
Jalgaon__20.99618667_76.36772667_z19_0.png 280,285,411,383,1
Jalgaon__21.00768736_76.1310712_z19_0.png 105,97,199,163,0 451,438,513,453,0
Jalgaon__21.02296114_75.82877144_z19_0.png 236,297,307,378,1
Jalgaon__21.08658833_75.01191_z19_0.png 267,137,362,200,1
Jalgaon__21.08842915_75.00438602_z19_0.png 410,130,548,252,0
Jalgaon_Adalase_20.64303244_75.01564741_z19_0.png 322,277,428,336,1
Jalgaon_Anturli Bk.Pr.Pachora_20.6440128_75.30461225_z19_0.png 228,359,322,409,1
Jalgaon_Bambarud Kh. Pr.Pachora_20.65691203_75.27227932_z19_0.png 197,267,284,313,1
Jalgaon_Bohardi Bk_20.98899144_75.94774376_z19_0.png 208,317,255,399,1
Jalgaon_Borgaon Bk._20.95110235_75.27737731_z19_0.png 164,262,186,346,1
Jalgaon_Chakave_20.98084_75.08018_z19_0.png 326,301,417,337,1
Jalgaon_Deogaon_20.7877472_75.0818372_z19_0.png 373,330,478,345,1
Jalgaon_Galwade Bk._21.07496_75.013695_z19_0.png 393,229,498,293,1
Jalgaon_Ghodasgaon_21.03192333_76.10659667_z19_0.png 465,270,570,365,1
Jalgaon_Halkhede_21.034302_76.34890304_z19_0.png 501,259,551,313,0
Jalgaon_Hivar Khede Tarf Wakadi_20.67526975_75.77415968_z19_0.png 241,298,385,458,1
Jalgaon_Jamde_20.88823852_74.96815143_z19_0.png 348,535,403,572,0
Jalgaon_Janfal_20.84018589_75.26970831_z19_0.png 328,238,474,427,1
Jalgaon_Kasba Pimpri_20.66560975_75.91123357_z19_0.png 428,383,482,407,0
Jalgaon_Kurhe Kh._21.04084333_75.13930833_z19_0.png 193,183,256,311,1
Jalgaon_Kurhe Kh._21.04429706_75.14700717_z19_0.png 505,463,554,504,0
Jalgaon_Kurhe Kh._21.04536003_75.16215071_z19_0.png 209,156,272,213,0 490,547,521,601,0
Jalgaon_lohara_20.73748167_75.56592667_z19_0.png 231,202,342,258,1
Jalgaon_Londhri Kh._20.7047145_75.74481678_z19_0.png 248,447,319,486,0
Jalgaon_Nandkhurde Kh._20.84316_75.2772_z19_0.png 315,297,339,484,1
Jalgaon_Pahur Kasba_20.69073323_75.69565152_z19_0.png 67,149,287,372,1
Jalgaon_Pahur Kasba_20.70999834_75.65455421_z19_0.png 231,230,326,298,1
Jalgaon_Pahur Kasba_20.722905_75.65908667_z19_0.png 165,183,350,404,1
Jalgaon_Palaas Kheda_20.82088083_75.73829055_z19_0.png 277,240,341,363,1
Jalgaon_Pimparkhede_20.38297167_74.99585333_z19_0.png 245,362,319,421,1
Jalgaon_Shendurni_20.64805366_75.58919069_z19_0.png 323,195,472,289,1
Jalgaon_Shirsoli P.N._20.93722701_75.51911831_z19_0.png 258,369,343,394,1
Jalgaon_Takarkhede_21.04421339_75.18115571_z19_0.png 504,78,559,135,0 113,547,158,599,0
Jalgaon_Takarkhede_21.04481141_75.18215689_z19_0.png 132,318,186,374,0
Jalgaon_Talai_20.76178_75.323845_z19_0.png 334,343,361,420,1
Jalgaon_Talai_20.76594_75.33552167_z19_0.png 272,232,310,301,1
Jalgaon_Vakod_20.65307645_75.7122558_z19_0.png 297,53,358,113,0
Jalgaon_Vanjari Bk._21.028505_75.394085_z19_0.png 242,331,325,407,1
Jalgaon_Varad_21.33259331_75.27619939_z19_0.png 287,312,383,334,1
Jalgaon_Varangaon_21.03885627_75.8750949_z19_0.png 312,215,346,289,1
Jalgaon_Vilhale_20.96809443_75.87326571_z19_0.png 85,147,119,232,0
Jalgaon_Waghlud Kh._21.03621333_75.32962_z19_0.png 319,401,378,421,1
Jalgaon_Waghlud Kh._21.0363617_75.3561426_z19_0.png 202,203,487,489,1
Jalna__19.52960972_75.84666071_z19_0.png 356,353,415,407,0
Jalna__19.84701123_75.66837524_z19_0.png 166,74,246,154,0
Jalna_Chanegaon_20.03881175_75.82308002_z19_0.png 310,258,386,294,0
Jalna_Dautpur_20.23514144_75.85179011_z19_0.png 233,185,288,227,0
Jalna_Dhalaskheda_19.55816981_75.88154857_z19_0.png 290,560,360,598,0
Jalna_Jalgaon_20.42254566_75.83554011_z19_0.png 347,312,426,380,0
Jalna_Khedgaon_19.73353_75.68465_z19_0.png 297,303,368,384,0
Jalna_Kokarasa_19.85112536_76.37218165_z19_0.png 97,106,124,189,1
Jalna_Panewadi_19.6149502_76.00898976_z19_0.png 239,381,304,424,0
Jalna_Paregaon_19.84983097_76.11761925_z19_0.png 367,337,436,416,0
Jalna_Pimpalgaon barao_20.09843738_75.90732343_z19_0.png 325,313,388,338,0
Jalna_Sawarkheda Gondhan_20.22556271_76.10162341_z19_0.png 349,182,451,238,0
Jalna_Tupewadi_20.01316665_75.88444947_z19_0.png 414,232,476,281,0
Jalna_Valsavangi_20.46547589_75.92841979_z19_0.png 406,344,481,397,0
Kolhapur__15.81626383_74.35995745_z19_0.png 108,458,156,511,0
Kolhapur__15.95247998_74.32829929_z19_0.png 245,333,355,361,0
Kolhapur__16.11609333_74.448465_z19_0.png 236,260,276,304,0
Kolhapur__16.1396575_74.34238368_z19_0.png 293,340,347,399,0
Kolhapur__16.36547182_74.28459274_z19_0.png 254,473,412,516,1
Kolhapur__16.85119555_74.01386512_z19_0.png 226,20,281,100,0
Kolhapur__16.89509651_73.90672886_z19_0.png 470,435,522,531,1
Kolhapur_Jakhale_16.83338604_74.20588266_z19_0.png 280,366,318,411,0
Kolhapur_Jakhale_16.83784406_74.21808629_z19_0.png 348,311,382,357,0
Kolhapur_Jakhale_16.84001716_74.20908855_z19_0.png 283,349,327,400,0
Kolhapur_Kalavikatte_16.10997418_74.47814617_z19_0.png 325,350,387,406,0
Kolhapur_Kekhale_16.82104381_74.19747055_z19_0.png 368,297,417,345,0
Kolhapur_Lingnoor K.nesari_16.09943626_74.40903294_z19_0.png 314,312,362,350,0
Kolhapur_Nagave_15.91596901_74.16822636_z19_0.png 323,275,384,327,1
Kolhapur_Nandanwad_16.15870508_74.44156923_z19_0.png 271,301,344,344,0
Kolhapur_Nandanwad_16.15972255_74.44204093_z19_0.png 246,264,289,319,0
Kolhapur_Nandanwad_16.16563393_74.44002922_z19_0.png 328,363,361,411,0
Kolhapur_Pishavi_16.85270937_74.01891097_z19_0.png 260,245,323,323,0
Kolhapur_Sonavade_16.85983734_74.03156976_z19_0.png 402,240,472,334,0
Kolhapur_Tanavadi_16.19647879_74.42559738_z19_0.png 348,415,403,456,0
Kolhapur_Tanavadi_16.19904015_74.42570477_z19_0.png 337,266,392,328,0
Kolhapur_Tanavadi_16.20162_74.42379_z19_0.png 315,346,374,399,0
Latur__18.12562872_76.82981916_z19_0.png 512,479,582,523,1
Latur__18.30760032_76.36858366_z19_0.png 421,203,449,308,1
Latur__18.34043579_76.52150172_z19_0.png 169,208,222,257,1
Latur__18.35036973_76.7796611_z19_0.png 112,359,167,424,0
Latur__18.36217753_76.5987939_z19_0.png 461,309,512,399,1
Latur__18.38530907_76.69121189_z19_0.png 188,295,243,345,0
Latur__18.54791348_77.08382375_z19_0.png 363,70,409,210,1
Latur__18.66022906_77.0245032_z19_0.png 416,66,480,135,1
Latur__18.67285764_76.82698729_z19_0.png 119,172,186,319,1
Latur__18.69026996_76.91184836_z19_0.png 50,271,147,404,1
Latur__18.70947778_76.73941881_z19_0.png 97,232,140,319,1
Latur_Achwala_18.2394669_77.00369513_z19_0.png 191,96,256,132,0
Latur_Ambulga Men_18.21756555_76.7308545_z19_0.png 88,25,149,53,0
Latur_Anjansoda Bk._18.53181288_76.92865826_z19_0.png 162,134,230,204,0
Latur_Banegaon_18.09368223_76.5142211_z19_0.png 140,135,256,255,1
Latur_Belsangvi_18.55148021_77.09493303_z19_0.png 59,100,140,233,1
Latur_Bhise Wagholi_18.48886782_76.29183126_z19_0.png 356,104,429,172,1
Latur_Bolegaon_18.41447911_76.86869064_z19_0.png 342,87,386,211,1
Latur_Bothi_18.50466473_76.92680306_z19_0.png 226,426,252,520,1
Latur_Chondi_18.46808292_77.26343122_z19_0.png 398,367,486,471,1
Latur_Chondi_18.47081348_77.25079758_z19_0.png 113,456,152,569,1
Latur_Darji Borgaon_18.48945097_76.53521779_z19_0.png 420,50,500,119,0
Latur_Darji Borgaon_18.50322828_76.51894625_z19_0.png 437,308,504,363,1
Latur_Dhanora Bk._18.67960167_76.76810667_z19_0.png 359,256,506,325,1
Latur_Dhaswadi_18.7854785_76.8670393_z19_0.png 18,78,61,131,0 565,495,625,554,0
Latur_Dongraj_18.47747513_76.99977806_z19_0.png 550,184,607,322,1
Latur_Ekurka Kh._18.5452297_77.1516212_z19_0.png 296,118,470,222,1
Latur_Ganjur_18.46931314_76.71463735_z19_0.png 148,114,216,284,1
Latur_Gharola_18.49587102_76.79397836_z19_0.png 341,213,408,272,0
Latur_Gondegaon_18.43308461_76.34087081_z19_0.png 427,414,485,483,0
Latur_Gunjoti_18.68997196_76.74338455_z19_0.png 498,401,555,532,1
Latur_Gunjoti_18.69259925_76.7505491_z19_0.png 187,124,211,283,1
Latur_Gunjoti_18.69624672_76.75725044_z19_0.png 287,107,325,220,1
Latur_Halsi Tugaon_18.09831726_76.92048612_z19_0.png 80,186,111,303,1
Latur_Halsi Tugaon_18.0995821_76.88874395_z19_0.png 35,223,81,334,0 560,352,624,445,0
Latur_Halsi Tugaon_18.11016909_76.93309522_z19_0.png 159,430,208,578,1
Latur_Harangul Kh._18.43147481_76.51100798_z19_0.png 505,501,571,561,0
Latur_Himppalgaon_18.65498224_77.01722159_z19_0.png 113,426,157,499,1
Latur_Hipparga_18.12918294_76.40629205_z19_0.png 374,51,419,102,0 19,341,87,407,0
Latur_Hippar Soga_18.33763758_76.60174127_z19_0.png 346,119,543,250,1
Latur_Hosur_18.138969_76.91051071_z19_0.png 272,468,340,524,1
Latur_Ismalpur_18.46434331_77.07923039_z19_0.png 165,313,216,364,0
Latur_Kavha_18.36616796_76.58332261_z19_0.png 466,353,538,447,0
Latur_Kinithot_18.23357355_76.63180265_z19_0.png 352,487,415,523,0
Latur_Kolgaon_18.52355249_76.53769298_z19_0.png 262,450,320,508,0
Latur_Mohanal_18.51760385_76.83700365_z19_0.png 498,181,547,263,0
Latur_Pimpri_18.42851387_77.13691671_z19_0.png 530,161,567,274,1
Latur_Pimpri_18.43338772_77.14153799_z19_0.png 473,105,512,201,1
Latur_Ramegaon_18.16931792_76.67512226_z19_0.png 90,148,140,186,0
Latur_Salgara Bk._18.34563638_76.70131205_z19_0.png 384,153,442,211,1
Latur_Sarola_18.2617106_76.58492251_z19_0.png 112,110,190,148,0
Latur_Sarola_18.26627725_76.58448309_z19_0.png 382,69,431,108,0
Latur_Satala_18.66980056_76.75946677_z19_0.png 102,179,211,304,1
Latur_Shelgaon_18.50279254_76.98738059_z19_0.png 449,426,586,518,1
Latur_Shirnal_18.50921398_76.93266725_z19_0.png 431,236,492,308,1
Latur_Sindgi Kh._18.75362067_77.02980566_z19_0.png 388,493,466,591,1
Latur_Sindgi Kh._18.76204595_77.0264484_z19_0.png 397,123,518,192,1
Latur_Sindhgaon_18.52309645_76.48085043_z19_0.png 325,127,371,184,1
Latur_Sindhgaon_18.53083752_76.48393173_z19_0.png 143,156,200,215,1
Latur_Sirshi_18.1020324_76.86286404_z19_0.png 130,140,187,214,1
Latur_Sumthana_18.36291318_76.91292018_z19_0.png 235,233,322,266,1
Latur_Sumthana_18.36479035_76.91309926_z19_0.png 352,69,423,110,1
Latur_Umbadga Bk._18.30054207_76.50136941_z19_0.png 87,281,146,325,1
Latur_Utka_18.16872607_76.54868378_z19_0.png 281,489,332,540,0
Latur_Wagadari [walandi]_18.25378739_77.13493054_z19_0.png 77,421,113,585,1
Latur_Yekambi_18.11958064_76.29988145_z19_0.png 70,292,161,432,1
Latur_Yekambi_18.12349148_76.29142878_z19_0.png 185,214,212,366,1
Latur_Zari Bk_18.60182377_76.80783838_z19_0.png 371,73,411,159,1
Latur_Zari Bk_18.60357617_76.81046295_z19_0.png 240,77,366,110,1
Latur_Zari Bk_18.60684478_76.81063313_z19_0.png 325,135,419,174,1
Latur_Zari Kh._18.60175332_76.80519639_z19_0.png 423,321,460,396,1
Nagpur__20.7242766_79.35807029_z19_0.png 283,174,358,230,0
Nagpur__20.74752752_79.24885029_z19_0.png 232,115,310,198,1
Nagpur__20.97484676_79.27743562_z19_0.png 434,325,483,397,0
Nagpur__20.97628988_79.28013734_z19_0.png 408,300,460,370,0
Nagpur__21.06101494_79.20682172_z19_0.png 463,179,551,240,0
Nagpur__21.073785_79.23092667_z19_0.png 287,226,344,337,1
Nagpur__21.11464_78.61856_z19_0.png 419,212,456,283,1
Nagpur__21.14505431_78.91554197_z19_0.png 439,248,491,285,0
Nagpur__21.17209698_78.65021611_z19_0.png 307,327,434,412,1
Nagpur__21.17210448_78.65072573_z19_0.png 118,328,239,414,1
Nagpur__21.216905_78.618905_z19_0.png 311,286,345,337,1
Nagpur__21.217015_78.61920167_z19_0.png 200,325,236,387,1
Nagpur__21.22439273_79.53502114_z19_0.png 226,423,292,460,0
Nagpur__21.26635_78.72581333_z19_0.png 300,274,351,364,1
Nagpur__21.30077417_78.66048902_z19_0.png 117,324,154,412,1
Nagpur__21.31243742_78.5893662_z19_0.png 331,248,401,310,0
Nagpur__21.31949308_78.58458219_z19_0.png 355,333,400,390,0
Nagpur__21.3798663_79.32437342_z19_0.png 273,367,335,430,0
Nagpur__21.38505283_78.58163232_z19_0.png 466,196,495,334,1
Nagpur__21.399965_78.63746667_z19_0.png 282,334,334,394,1
Nagpur__21.58468791_79.41113005_z19_0.png 194,199,290,383,1
Nagpur_Bhansoli_20.85175924_78.89579638_z19_0.png 124,408,233,454,1
Nagpur_Bramnhi_21.25139426_78.87098424_z19_0.png 341,278,413,401,1
Nagpur_Chada_20.93321967_79.39033653_z19_0.png 243,230,335,332,0
Nagpur_Dhurkheda_21.11361338_78.64442925_z19_0.png 407,393,489,415,1
Nagpur_Dorli_21.37170299_78.59599552_z19_0.png 461,240,508,296,0 185,372,201,415,1
Nagpur_Hiwara_20.70944952_79.20543983_z19_0.png 196,249,358,345,1
Nagpur_Khandala[Bk]_21.37665054_78.57240069_z19_0.png 114,357,183,427,1
Nagpur_Pendhari_20.97257558_79.1511532_z19_0.png 479,246,531,294,0
Nagpur_Pimpaldhara_21.33798735_78.34673066_z19_0.png 179,225,216,263,1
Nagpur_Ridhora_21.23008775_78.62718566_z19_0.png 441,503,523,525,1
Nagpur_Salai_21.5122432_79.43583105_z19_0.png 403,214,460,313,1
Nagpur_Sonegaon_21.14446994_78.61011771_z19_0.png 389,260,416,321,0
Nagpur_Sonegaon_21.25756333_78.45866667_z19_0.png 360,303,448,360,1
Nagpur_Tarabodi_21.26028754_78.71538338_z19_0.png 205,356,279,426,1
Nagpur_Yerla_21.479565_78.48351167_z19_0.png 212,359,325,388,1
Nanded__19.16299694_77.71935984_z19_0.png 281,125,345,322,1
Nanded__19.35607375_77.60074379_z19_0.png 387,383,463,475,1
Nanded_Jamrun_19.24813359_77.37372279_z19_0.png 472,172,535,204,0
Nanded_Kamtha Bk_19.27390538_77.31278729_z19_0.png 138,128,173,202,0
Nanded_Risangaon_18.89621695_76.99467834_z19_0.png 185,401,242,443,0
Nandurbar_Bamkheda-t-tarhad_21.46279624_74.64258559_z19_0.png 403,406,476,449,0
Nandurbar_Bandharpada_21.17862199_73.97198204_z19_0.png 424,475,468,558,1
Nandurbar_Bhardu_21.20693707_73.95936508_z19_0.png 214,275,243,382,1
Nandurbar_Bijaripati_21.74958356_74.00275287_z19_0.png 366,189,400,281,1
Nandurbar_Borwan_21.825265_74.24409333_z19_0.png 280,332,341,374,0
Nandurbar_Borzar_21.03337424_73.85050811_z19_0.png 343,260,391,337,0
Nandurbar_Chulvad_21.76877216_74.1734942_z19_0.png 143,283,300,399,1
Nandurbar_Jaavade-t-haveli_21.63209_74.65305167_z19_0.png 331,262,408,328,0
Nandurbar_Jangathi_21.81495629_73.85423505_z19_0.png 229,331,315,428,1
Nandurbar_Kalambu_21.46421804_74.57131643_z19_0.png 362,235,502,315,1
Nandurbar_Kalambu_21.47508167_74.55567_z19_0.png 215,51,360,115,0
Nandurbar_Khamala_21.75264964_74.34600014_z19_0.png 326,316,426,384,0
Nandurbar_Kothali-t-sarangkheda_21.45313924_74.56495727_z19_0.png 246,371,417,433,1
Nandurbar_Mundalgaon_21.82357048_74.36858643_z19_0.png 363,271,467,349,1
Nandurbar_Nawapada_21.13328542_73.83036138_z19_0.png 328,335,403,380,0
Nandurbar_Nimdarde_21.16874901_74.0354191_z19_0.png 406,360,489,582,1
Nandurbar_Pimpale_21.24282689_74.08624798_z19_0.png 402,216,427,355,1
Nandurbar_Tarpada_21.23023836_73.90984964_z19_0.png 204,250,386,290,1
Nandurbar_Thuwa_21.12324198_73.72623727_z19_0.png 357,139,439,230,1
Nandurbar_Toranmal_21.86945676_74.47098194_z19_0.png 155,177,280,251,0
Nandurbar_Ukalapani_21.03010208_73.84119287_z19_0.png 416,297,442,394,1
Nandurbar_Ukalapani_21.04873714_73.83869132_z19_0.png 204,301,356,368,1
Nandurbar_Ukalapani_21.05568682_73.8417963_z19_0.png 293,364,416,437,1
Nandurbar_Ukalapani_21.05593587_73.83870578_z19_0.png 237,214,388,316,1
Nashik__19.93172826_74.04042936_z19_0.png 171,78,225,157,0 345,524,421,570,0
Nashik__20.35167039_74.13344028_z19_0.png 207,157,269,213,0
Nashik__20.50079045_73.96013781_z19_0.png 120,261,220,345,1
Nashik_Bhadgaon_20.8093758_74.40288396_z19_0.png 83,420,154,499,0 521,206,571,285,0
Nashik_Bodhari_20.81402091_74.32491874_z19_0.png 440,97,510,198,0
Nashik_Bodhari_20.81443333_74.32534333_z19_0.png 267,262,352,360,0
Nashik_Dhamode_20.0943071_74.484328_z19_0.png 303,320,382,388,0
Nashik_Dheku Kh._20.24219317_74.84157184_z19_0.png 107,98,219,158,1
Nashik_Ganeshnagar_20.51587438_73.59135883_z19_0.png 397,499,475,581,0 269,127,343,214,0
Nashik_Karwande_20.55393112_73.69464498_z19_0.png 412,131,496,174,0
Nashik_Koswan_20.59869152_73.87162621_z19_0.png 103,357,145,467,1
Nashik_Lakhani_20.57134611_73.89874848_z19_0.png 423,276,506,361,0
Nashik_Malagaon Kh._20.61789294_73.96394478_z19_0.png 199,170,276,237,0
Nashik_Malagaon Kh._20.61904489_73.95471341_z19_0.png 76,98,148,173,0
Nashik_Malgaon_20.4482844_74.64146527_z19_0.png 95,140,205,278,0
Nashik_Nalwadi_19.64980621_74.11322908_z19_0.png 139,298,258,478,0
Nashik_Nandur Shingote_19.71567392_74.12449737_z19_0.png 373,143,436,207,0
Nashik_Nave Nirpur_20.61126193_74.14347865_z19_0.png 500,229,533,281,0
Nashik_Pimpalwad Nikumbh_20.42427078_74.82073324_z19_0.png 292,410,384,461,0
Nashik_Pohane_20.77267655_74.41473499_z19_0.png 159,466,238,543,1
Nashik_Salher_20.69292137_73.9310545_z19_0.png 142,26,198,152,0 262,506,357,588,0
Nashik_Sundarban_20.63916111_73.4747746_z19_0.png 303,342,407,420,0
Nashik_Take Deogaon_19.79648718_73.47327839_z19_0.png 217,383,253,481,1
Nashik_Talwade_20.39988334_74.76445426_z19_0.png 409,148,492,222,0
Nashik_Vanpat_20.73776928_74.58015579_z19_0.png 430,274,541,401,1
Nashik_Wadi Bk._20.50427114_73.9862685_z19_0.png 319,456,377,517,1
Nashik_Wadi Bk._20.51763242_73.98335059_z19_0.png 246,446,310,498,1
Palghar__19.65838476_73.01016992_z19_0.png 452,224,504,293,0
Palghar__19.72373823_73.26210405_z19_0.png 366,262,471,371,0
Palghar__19.73425721_72.94423674_z19_0.png 376,380,484,424,0
Palghar_Aine_19.82291107_73.22647627_z19_0.png 104,388,201,478,0
Palghar_Anwir_20.17404004_72.94176034_z19_0.png 326,172,465,217,0
Palghar_Balapur_19.81865188_73.0868893_z19_0.png 349,346,429,398,0
Palghar_Chinchale_20.01042353_72.90506261_z19_0.png 309,268,397,328,0
Palghar_Hamarapur_19.70404929_72.94892353_z19_0.png 227,153,278,260,0
Palghar_Kainad_20.04754392_72.78592633_z19_0.png 416,343,477,397,0
Palghar_Paraswadi_19.98566189_72.81035246_z19_0.png 345,39,409,103,0 157,333,209,522,1
Palghar_Poman_19.35464511_72.91867468_z19_0.png 69,440,214,490,1
Palghar_Sawroli_20.17661263_72.93235415_z19_0.png 354,320,419,349,0
Palghar_Sawroli_20.17991128_72.91777042_z19_0.png 412,305,450,378,0
Palghar_Shisne_20.02363769_72.96129833_z19_0.png 164,60,208,115,0
Palghar_Tuse_19.63325582_73.16687133_z19_0.png 256,292,358,358,0
Parbhani__18.83110877_76.95836836_z19_0.png 299,348,345,404,0
Parbhani__18.89572296_76.79610101_z19_0.png 206,117,289,182,0
Parbhani__19.17630333_77.14115333_z19_0.png 246,208,353,264,0
Parbhani__19.20304773_77.16685168_z19_0.png 282,319,352,389,0
Parbhani__19.31419188_76.80962898_z19_0.png 226,296,268,375,0
Parbhani__19.56793707_76.48467392_z19_0.png 309,262,357,325,0
Parbhani_Bet Sangvi_19.08146939_77.14307136_z19_0.png 274,345,346,404,0
Parbhani_Chorwad_18.89210735_76.91682412_z19_0.png 285,256,355,322,0
Parbhani_Gangakhed R_18.960103_76.71515704_z19_0.png 310,265,375,327,0
Parbhani_Hatkarwadi_19.17578701_76.97113105_z19_0.png 260,324,306,382,0
Parbhani_Katneshwar_19.27447843_76.94797681_z19_0.png 273,321,345,381,0
Parbhani_Kemapur_19.54757038_76.54565736_z19_0.png 177,210,232,280,0
Parbhani_Kupta_19.45900526_76.60517494_z19_0.png 316,259,387,320,0
Parbhani_Pimpaldari_18.79289166_76.75764559_z19_0.png 300,219,375,277,0
Parbhani_Pimpaldari_18.79472263_76.75818232_z19_0.png 328,292,403,334,0
Parbhani_Sawangi P.C._19.58606118_76.5339499_z19_0.png 245,281,325,328,0
Parbhani_Tadpangari_19.14109763_76.75971611_z19_0.png 306,255,380,313,0
Parbhani_Wadgaon tarf takli_19.38568096_76.6385647_z19_0.png 411,377,496,478,1
Parbhani_Wagdara_18.890324_76.7708807_z19_0.png 310,343,373,384,0
Parbhani_Waghi[Bobde]_19.42363037_76.7272219_z19_0.png 294,297,318,398,1
Pune__18.24842436_74.43864964_z19_0.png 297,51,510,411,1
Pune__18.26494956_74.37358735_z19_0.png 378,245,521,552,1
Pune__18.26772907_74.34083293_z19_0.png 424,48,542,333,1
Pune__18.2956936_74.30312766_z19_0.png 43,90,158,225,1
Pune__18.33648681_74.07609795_z19_0.png 57,299,221,444,1
Pune__18.34442545_73.80517098_z19_0.png 123,210,188,268,1
Pune__18.34558122_73.79787893_z19_0.png 448,427,488,503,1
Pune__18.34721971_74.3045045_z19_0.png 399,238,480,306,0
Pune__18.36495156_73.85597313_z19_0.png 360,45,419,101,1
Pune__18.39998409_74.42308452_z19_0.png 182,313,318,343,1
Pune__18.40373979_74.42698732_z19_0.png 421,152,524,195,1
Pune__18.69499931_73.65121648_z19_0.png 168,301,413,388,1
Pune__18.74316474_73.75792598_z19_0.png 451,122,556,247,1
Pune__18.76154103_73.51006627_z19_0.png 41,117,155,392,1
Pune__18.83479774_73.97768097_z19_0.png 274,430,334,483,0
Pune__18.84033892_74.00915592_z19_0.png 200,52,436,188,1
Pune__18.85666928_73.78635584_z19_0.png 245,150,279,191,1
Pune__18.89828401_74.00288114_z19_0.png 118,123,216,221,0
Pune__18.90177486_74.01608491_z19_0.png 407,41,463,94,0 168,430,240,493,0
Pune__18.92697975_74.05291121_z19_0.png 124,159,171,242,0
Pune__19.30624108_73.95899332_z19_0.png 103,347,185,417,0
Pune_Adachiwadi_18.19787683_74.13959448_z19_0.png 233,78,373,215,1
Pune_Ajivali_18.60126306_73.48455248_z19_0.png 259,467,415,542,1
Pune_Amboli_18.94410846_73.60601469_z19_0.png 36,298,117,499,1
Pune_Arvi_18.35837426_73.81391422_z19_0.png 77,69,214,133,1
Pune_Bhongwali_18.18623931_74.01143166_z19_0.png 51,442,115,517,0 512,60,599,135,0
Pune_Gadakwadi_18.85872322_74.00900053_z19_0.png 106,479,232,545,1
Pune_Jadhav Vasti_18.26229514_74.40501332_z19_0.png 196,70,502,447,1
Pune_Jadhav Vasti_18.26711028_74.39294425_z19_0.png 73,59,130,283,1
Pune_Jalgaon Supe_18.24439089_74.44786245_z19_0.png 82,68,178,299,1
Pune_Khanavdi_18.32383554_74.10663048_z19_0.png 25,24,61,301,1
Pune_Kharpud_19.0095371_73.59396182_z19_0.png 140,161,164,269,1
Pune_Kololi_18.31441116_74.44442149_z19_0.png 128,477,172,588,0
Pune_Koregaon Bhima_18.63689494_74.06466432_z19_0.png 302,25,611,400,1
Pune_Lakadi_18.17395749_74.68675282_z19_0.png 171,310,222,398,0
Pune_Majgaon_18.22336842_73.60819949_z19_0.png 91,238,168,351,1
Pune_Mandalewadi_18.86070023_74.10861741_z19_0.png 189,530,235,559,0 402,129,433,165,0
Pune_Nawalewadi_18.18415382_74.08447651_z19_0.png 210,426,287,472,0
Pune_Nhavi_18.17813027_74.87381529_z19_0.png 299,204,374,268,0
Pune_Nimgaon Mhalungi_18.70344545_74.20965158_z19_0.png 0,140,39,208,0 568,398,638,458,0
Pune_Nimgaon Mhalungi_18.71793136_74.21910887_z19_0.png 314,65,481,151,1
Pune_Pahaddara_18.91122562_74.09472967_z19_0.png 158,164,232,297,0
Pune_Palshi_18.19476324_74.3330441_z19_0.png 78,86,126,225,1
Pune_Pimpalachiwadi_18.37929506_74.32905496_z19_0.png 446,147,553,230,1
Pune_Pimpalgaon_18.63783894_73.95885363_z19_0.png 147,58,315,505,1
Pune_Pur_18.83194846_74.00798615_z19_0.png 246,82,400,192,1
Pune_Rui_18.17606845_74.85755689_z19_0.png 271,419,308,483,0
Pune_Sakeri_19.12134217_73.59374337_z19_0.png 465,176,522,298,1
Pune_Santwadi_19.22167287_74.12242948_z19_0.png 330,204,427,310,1
Pune_Sawale_18.94076396_73.47465545_z19_0.png 492,155,577,213,1
Pune_Sherechiwadi_18.27652123_74.37079749_z19_0.png 461,354,526,459,0
Pune_Shivri_18.26321125_74.08093501_z19_0.png 103,439,137,530,0
Pune_Supe Kh._18.3229733_74.02136475_z19_0.png 350,318,439,387,0
Pune_Thapewadi_18.36311795_73.89158938_z19_0.png 525,473,579,564,0
Pune_Thapewadi_18.36497583_73.89100457_z19_0.png 404,405,454,462,0
Pune_Thitewadi_18.79916475_74.04298925_z19_0.png 112,254,266,390,1
Pune_Valunj_18.32446973_74.10540002_z19_0.png 483,272,517,543,1
Pune_Varoti Bk_18.24238003_73.57014257_z19_0.png 177,181,319,298,1
Pune_Varoti Bk_18.24968781_73.56415241_z19_0.png 423,143,494,250,1
Pune_Wada_19.00908415_73.74905465_z19_0.png 442,165,497,225,0 165,485,218,518,0
Pune_Wandre_18.96383515_73.55331363_z19_0.png 477,144,563,196,1
Raigadh__18.5904355_72.99568786_z19_0.png 326,284,404,379,0
Raigadh__19.11147623_73.39435895_z19_0.png 420,417,524,472,0
Raigadh_Asal_18.98709889_73.30774771_z19_0.png 153,192,218,247,0 487,283,528,350,0
Raigadh_Borgaon_19.08163015_73.44968507_z19_0.png 516,280,554,342,0 234,250,295,320,0
Raigadh_Borgaon Kh._18.94716226_73.27200949_z19_0.png 187,76,273,141,0
Raigadh_Chandale_18.03538655_73.61026405_z19_0.png 304,280,384,367,0
Raigadh_Chavani_18.7266035_73.33997279_z19_0.png 415,302,485,346,0 140,398,193,448,0
Raigadh_Dhamni_18.97772488_73.50231537_z19_0.png 304,291,366,343,0
Raigadh_Dhodani_19.01554767_73.25139459_z19_0.png 110,142,209,186,0
Raigadh_Khanavi_18.74794385_73.2732455_z19_0.png 342,134,428,196,0
Raigadh_Lonivali Vadi_18.98442163_73.18695421_z19_0.png 435,370,486,424,0
Raigadh_Maldunge_19.03547891_73.25611822_z19_0.png 210,220,262,304,0
Raigadh_Olman_19.11293142_73.4409566_z19_0.png 317,252,410,337,0
Raigadh_Shirvane_18.08969496_73.01771653_z19_0.png 402,262,492,353,0
Ratnagiri__17.75097871_73.13238133_z19_0.png 253,278,307,323,0
Ratnagiri__17.79424891_73.43316588_z19_0.png 337,292,384,350,0
Ratnagiri_Aghari_17.62486141_73.1572456_z19_0.png 466,561,526,610,0 340,172,409,230,0
Ratnagiri_Bhiv Bunder_17.60133067_73.15321704_z19_0.png 370,287,434,350,0
Ratnagiri_Bholavali_17.88189392_73.37302559_z19_0.png 199,405,261,447,0 336,253,407,296,0
Ratnagiri_Boraj_17.68628015_73.43891588_z19_0.png 185,230,237,282,0
Ratnagiri_Chorvane_16.97663715_73.54476965_z19_0.png 7,553,65,614,0
Ratnagiri_Chorvane_16.98607485_73.55045144_z19_0.png 177,466,235,530,0 297,166,369,226,0
Ratnagiri_Gharatwadi Tarf Veldur_17.56647833_73.19203833_z19_0.png 72,206,209,282,0
Ratnagiri_Ladghar_17.72840257_73.1555955_z19_0.png 337,320,413,387,0
Ratnagiri_Ladghar_17.73162576_73.15459246_z19_0.png 199,299,312,388,0
Ratnagiri_Nanij_16.96000908_73.53864342_z19_0.png 357,342,397,387,0
Ratnagiri_Pat_18.00603756_73.27537079_z19_0.png 276,79,339,118,0
Ratnagiri_Savanas Kh._17.60950094_73.37095429_z19_0.png 269,276,327,329,0
Ratnagiri_Vanoshi Tarf Panchanadi_17.61461362_73.17532802_z19_0.png 263,350,324,399,0
Sangli__16.92077551_75.1469103_z19_0.png 97,135,225,193,0
Sangli__16.92778149_74.20863819_z19_0.png 211,340,291,367,1
Sangli__16.98376501_75.3556343_z19_0.png 192,168,324,352,1
Sangli__16.98519139_74.6668232_z19_0.png 352,233,433,340,1
Sangli__16.99208201_75.35074127_z19_0.png 74,100,292,181,1
Sangli__17.02942612_74.06329042_z19_0.png 170,162,228,225,1
Sangli__17.03569422_74.05808944_z19_0.png 324,265,417,334,1
Sangli__17.07762019_74.82094633_z19_0.png 134,432,201,493,0 438,176,469,230,0
Sangli__17.09485274_74.14328161_z19_0.png 331,217,379,330,1
Sangli__17.11899051_75.20611729_z19_0.png 139,101,246,188,0
Sangli__17.12480608_74.92963624_z19_0.png 78,287,135,346,0 543,497,607,579,0
Sangli__17.15384922_75.20260809_z19_0.png 89,166,160,245,0
Sangli__17.16708259_74.87298357_z19_0.png 220,109,309,157,0 400,443,481,497,0
Sangli__17.25334039_74.29382061_z19_0.png 153,418,221,473,0
Sangli__17.25743085_74.74803466_z19_0.png 115,47,165,147,0 352,558,466,616,0
Sangli__17.26934645_74.74071019_z19_0.png 445,314,550,358,0
Sangli__17.3117896_74.37346835_z19_0.png 291,226,483,420,1
Sangli__17.4902563_74.93409708_z19_0.png 113,112,240,253,1
Sangli_Agran Dhulgaon_16.98526845_74.91739392_z19_0.png 325,570,425,636,0 165,7,255,54,0
Sangli_Ambewadi_17.47581261_75.01568027_z19_0.png 107,474,188,590,0
Sangli_Baj_17.05313354_75.07463128_z19_0.png 475,109,546,184,0
Sangli_Bhood_17.32575303_74.70049777_z19_0.png 133,331,214,399,0
Sangli_Birnal_17.09551382_75.15715689_z19_0.png 460,483,546,574,0
Sangli_Ghanwad_17.32725215_74.52148084_z19_0.png 90,335,168,427,0
Sangli_Hingangade_17.35499843_74.4802025_z19_0.png 98,154,392,392,1
Sangli_Jambhulani_17.40226225_74.77140787_z19_0.png 348,90,439,201,0
Sangli_Kamat_17.40246802_74.83943867_z19_0.png 227,265,301,318,0
Sangli_Kaslingwadi_17.18837457_75.13574823_z19_0.png 162,179,309,246,1
Sangli_Khanderajuri_16.91812904_74.77849865_z19_0.png 74,23,156,74,0 342,284,417,345,0 67,590,128,633,0
Sangli_Mendhegiri_17.01151343_75.26734142_z19_0.png 252,134,327,173,0
Sangli_Morale_17.12155768_74.51202091_z19_0.png 199,92,290,497,1
Sangli_Palashi_17.23025002_74.82392431_z19_0.png 368,60,465,152,0
Sangli_Shivani_17.26137691_74.41166541_z19_0.png 276,316,308,528,1
Sangli_Tupewadi_17.31495546_74.45139487_z19_0.png 193,203,470,452,1
Sangli_Waifal_17.16986264_75.24937319_z19_0.png 195,52,266,128,0 150,317,228,394,0
Sangli_Wasumbe_17.29478049_74.58753108_z19_0.png 266,282,328,345,0 192,376,248,429,0
Satara__17.17865856_74.11761795_z19_0.png 408,290,542,367,0
Satara__17.34381537_74.09905694_z19_0.png 386,440,444,477,0
Satara__18.00208926_73.83420157_z19_0.png 296,376,372,430,0
Satara_Bodkewadi_17.89215292_74.42042341_z19_0.png 199,134,271,193,0
Satara_Dare bk._17.81190124_73.86810939_z19_0.png 371,311,451,379,0
Satara_Ganeshwadi_17.50897116_74.34103191_z19_0.png 354,307,450,381,0
Satara_Goregaon_17.44053608_74.32696976_z19_0.png 341,310,391,399,0
Satara_Jinti_17.1267966_74.08535694_z19_0.png 400,305,475,347,0
Satara_Kari_17.6318154_73.90961089_z19_0.png 81,190,133,252,1
Satara_Madanapurwadi_17.80315703_74.17458284_z19_0.png 269,242,348,334,0
Satara_Pedgaon_17.64388708_74.45146157_z19_0.png 369,369,452,420,0
Satara_Rautwadi_17.87860518_74.07329779_z19_0.png 312,258,343,327,0
Satara_Shinganwadi_17.23967945_74.07982446_z19_0.png 342,309,387,348,0
Satara_Tasgaon_17.63821625_74.12279566_z19_0.png 279,350,349,432,1
Satara_Vikhale_17.87074491_74.16959292_z19_0.png 266,330,299,424,0
Satara_Wathar Nimbalkar_17.93078537_74.36428137_z19_0.png 160,388,310,477,0
Sindhudurg__15.85023844_73.76810897_z19_0.png 356,351,421,387,1
Sindhudurg__16.40603309_73.66766455_z19_0.png 363,380,424,450,0
Sindhudurg__16.43959463_73.70522386_z19_0.png 302,246,337,309,0
Sindhudurg__16.51485318_73.63221196_z19_0.png 263,316,308,354,0
Sindhudurg_Dabgaon_16.41778597_73.70738068_z19_0.png 341,345,396,387,0
Sindhudurg_Dangmode_16.16890095_73.52377729_z19_0.png 357,255,405,301,1
Sindhudurg_Harkul Kh._16.34220299_73.78392563_z19_0.png 284,287,398,374,1
Sindhudurg_Jambharmala_15.95136706_73.74683988_z19_0.png 220,448,305,504,0
Sindhudurg_Karanje_16.32332294_73.77079286_z19_0.png 327,446,398,509,0
Sindhudurg_Khervand_16.16089083_73.5263001_z19_0.png 398,293,455,316,1
Sindhudurg_Kokisare_16.51055167_73.65108_z19_0.png 292,280,333,323,0
Sindhudurg_Kondaye_16.33526819_73.77355458_z19_0.png 463,324,535,380,0
Sindhudurg_Kusarave_16.05926608_73.63575162_z19_0.png 262,272,298,348,1
Sindhudurg_Majgaon_15.87729106_73.82263227_z19_0.png 291,312,357,375,0
Sindhudurg_Mhavlunge_16.08004229_73.6588404_z19_0.png 202,219,235,304,1
Sindhudurg_Pendur_15.835569_73.7359009_z19_0.png 335,330,399,349,1
Sindhudurg_Pulas_16.03156878_73.8711911_z19_0.png 279,311,360,372,0
Sindhudurg_Shiraval_16.21799421_73.73397644_z19_0.png 399,303,457,356,0
Sindhudurg_Shiravali_16.41142667_73.61106833_z19_0.png 298,246,333,290,0
Sindhudurg_Talkat_15.80660884_73.95462677_z19_0.png 350,291,418,365,0
Sindhudurg_Tiravade Tarf Kharepatan_16.5584542_73.77790611_z19_0.png 384,326,428,421,0
Solapur__17.23415658_74.97518432_z19_0.png 268,260,343,328,1
Solapur__17.26788728_75.34433467_z19_0.png 411,271,488,373,0
Solapur__17.28431439_75.03130451_z19_0.png 230,217,355,255,1
Solapur__17.29190886_75.19402551_z19_0.png 136,83,213,367,1
Solapur__17.33931947_75.22164435_z19_0.png 176,306,550,392,1
Solapur__17.34798337_75.21389335_z19_0.png 201,284,324,361,1
Solapur__17.38006618_75.55967727_z19_0.png 360,56,488,181,0
Solapur__17.39227445_75.20187048_z19_0.png 113,52,528,606,1
Solapur__17.53455654_75.29263858_z19_0.png 158,308,186,369,1
Solapur__17.59733943_76.29933611_z19_0.png 450,330,534,432,0
Solapur__17.64670146_75.07114508_z19_0.png 259,150,331,265,0
Solapur__17.70844833_75.01556667_z19_0.png 319,352,442,486,1
Solapur__17.81825667_75.933355_z19_0.png 248,290,376,352,1
Solapur__17.86180553_75.27700019_z19_0.png 436,313,475,393,1
Solapur__17.87406471_75.57046092_z19_0.png 191,274,244,360,0
Solapur__17.8833635_75.30161256_z19_0.png 143,497,249,555,1
Solapur__17.99063931_75.52328094_z19_0.png 155,383,217,445,0
Solapur_Aglavewadi_17.30643722_75.21298913_z19_0.png 138,386,428,467,1
Solapur_Alegaon_17.3915846_75.25495322_z19_0.png 244,94,470,158,1
Solapur_Burange Wadi_17.31648943_75.190748_z19_0.png 422,387,461,448,1
Solapur_Chikhalgi_17.33908103_75.46298382_z19_0.png 77,280,208,450,0
Solapur_Ekhatapur_17.4802319_75.1160036_z19_0.png 397,306,437,387,0
Solapur_Haralwadi_17.60987577_75.73336694_z19_0.png 514,366,559,402,0
Solapur_Hivare_17.86318167_75.5322754_z19_0.png 201,125,259,179,0
Solapur_Hunnar_17.26097008_75.35933394_z19_0.png 63,78,186,191,0
Solapur_Irle_18.05630881_75.75099876_z19_0.png 166,131,422,395,1
Solapur_Karmala_18.45863499_75.19909361_z19_0.png 388,388,541,514,1
Solapur_Kolegaon_17.76447842_75.68027534_z19_0.png 219,198,239,259,0
Solapur_Limbewadi_18.47524891_75.10743829_z19_0.png 209,161,340,343,0
Solapur_Lonavire_17.31571206_75.16197243_z19_0.png 118,112,145,205,1
Solapur_Londhewadi_17.96461984_75.5822092_z19_0.png 434,136,482,194,0
Solapur_Madha_18.03939407_75.52152699_z19_0.png 467,240,506,324,1
Solapur_Malikpeth_17.87360646_75.64520209_z19_0.png 356,293,423,345,1
Solapur_Malikpeth_17.87563037_75.64263121_z19_0.png 488,170,633,586,1
Solapur_Malwandi_18.06175064_75.65545815_z19_0.png 521,351,577,421,0 392,51,482,110,0
Solapur_Motewadi_17.94118628_74.82621867_z19_0.png 457,239,531,357,0
Solapur_Mundhewadi_17.74875947_75.71507056_z19_0.png 403,157,553,574,1
Solapur_Nimgaon_17.79069581_75.04958645_z19_0.png 510,122,566,239,0
Solapur_Pandhari_18.29302938_75.88098198_z19_0.png 163,204,229,308,1
Solapur_Pangare_18.18892663_75.20307728_z19_0.png 148,122,228,184,0
Solapur_Pangri_18.28638399_75.86605167_z19_0.png 146,183,188,279,1
Solapur_Puri_18.28393637_75.81785375_z19_0.png 150,164,351,219,1
Solapur_Sarole_17.80937244_75.55216625_z19_0.png 220,80,285,126,0
Solapur_Singanhalli_17.24796721_75.15856915_z19_0.png 193,251,501,322,1
Solapur_Sonand_17.26885298_75.14463954_z19_0.png 415,351,521,428,1
Solapur_Turk-Pimpri_18.02629755_75.6183574_z19_0.png 42,227,157,270,0
Solapur_Waki Gherdi_17.33676975_75.26657521_z19_0.png 377,301,418,431,1
Solapur_Waki Shivane_17.5411795_75.13770716_z19_0.png 325,346,398,499,1
Solapur_मोडानिंब_17.90772609_75.39392913_z19_0.png 314,335,356,516,1
Thane__19.26689493_73.29915966_z19_0.png 377,257,457,342,0
Thane__19.4700321_73.04076138_z19_0.png 279,306,350,337,0
Thane_Ane_19.24945718_73.22140497_z19_0.png 405,363,463,438,0
Thane_Ghotgaon_19.4602081_73.04227789_z19_0.png 332,283,384,315,0
Thane_Ghotgaon_19.47161195_73.04174062_z19_0.png 292,313,362,382,0
Thane_Mal_19.68422492_73.46923062_z19_0.png 167,354,242,437,0 452,247,552,350,0
Thane_Merdi_19.40637431_73.70179756_z19_0.png 411,474,516,509,0 138,102,180,174,0
Thane_Pendhari_19.54750623_73.32799302_z19_0.png 313,475,377,538,0 93,196,159,252,0
Thane_Thitabi Tarf Vaishakhare_19.35076582_73.76492808_z19_0.png 104,363,157,431,0
Thane_Walhivale_19.35699109_73.73199804_z19_0.png 427,325,493,378,0
Thane_Walhivale_19.3786712_73.73393661_z19_0.png 400,288,460,344,0
Usmanabad__17.76241621_76.54999973_z19_0.png 492,109,558,276,1
Usmanabad__17.76538663_76.56275211_z19_0.png 476,401,525,529,1
Usmanabad__17.77238329_76.71139622_z19_0.png 502,21,616,107,1
Usmanabad__17.78376485_76.66535419_z19_0.png 395,490,537,512,1
Usmanabad__17.80744636_76.59034892_z19_0.png 450,383,480,436,1
Usmanabad__17.84196167_75.95396636_z19_0.png 99,416,143,560,1
Usmanabad__17.86511598_76.53734158_z19_0.png 489,500,545,556,1
Usmanabad__17.87195137_76.70011223_z19_0.png 498,208,524,267,1
Usmanabad__17.92198667_76.63654667_z19_0.png 253,262,313,313,0
Usmanabad__17.92475729_76.10371113_z19_0.png 306,375,367,420,0
Usmanabad__18.06499557_76.03392423_z19_0.png 472,412,531,467,1
Usmanabad__18.12469112_76.00563542_z19_0.png 476,171,561,234,0
Usmanabad__18.50348757_75.61549324_z19_0.png 270,407,326,438,0
Usmanabad_Arangaon_18.35099342_75.53049271_z19_0.png 289,305,320,354,0
Usmanabad_Arangaon_18.35223707_75.54408192_z19_0.png 331,284,382,340,0
Usmanabad_Babalsur_17.94944333_76.584435_z19_0.png 325,327,360,386,0
Usmanabad_Babalsur_17.9555545_76.59145961_z19_0.png 309,166,356,226,0
Usmanabad_Bhandgaon_18.34138226_75.64186915_z19_0.png 282,186,420,221,1
Usmanabad_Bhatsangvi_18.58001615_75.99219922_z19_0.png 415,101,548,221,1
Usmanabad_Deogaon kh._18.23703544_75.48826369_z19_0.png 337,420,454,519,1
Usmanabad_Dhamuri_17.7823651_76.71604515_z19_0.png 164,476,253,546,1
Usmanabad_Dudhagaon_18.35761346_76.01662055_z19_0.png 321,316,383,338,0
Usmanabad_Gaosud_18.11733503_76.05027617_z19_0.png 159,375,204,480,1
Usmanabad_Goregaon Kh_20.6100384_76.93239733_z19_0.png 457,64,517,183,0
Usmanabad_Gugalgaon_17.90881833_76.61081_z19_0.png 281,271,326,321,0
Usmanabad_Jalkot_17.83013258_76.34698683_z19_0.png 95,87,174,151,1
Usmanabad_Kasgiwadi_17.75905529_76.57338446_z19_0.png 33,435,57,508,1
Usmanabad_Kasgiwadi_17.7628998_76.58125299_z19_0.png 58,202,107,442,1
Usmanabad_Kasti Kh._18.02675551_76.33537897_z19_0.png 213,301,249,348,0
Usmanabad_Kilaj_17.90290688_76.25858801_z19_0.png 410,489,534,573,1
Usmanabad_Mendha_18.22348979_76.27673581_z19_0.png 300,323,326,384,0
Usmanabad_Murli_17.7600506_76.52450583_z19_0.png 258,326,290,419,1
Usmanabad_Old Nai Chakur_17.95804298_76.61435096_z19_0.png 221,403,286,438,0
Usmanabad_Pachpimpla_18.34073503_75.48307144_z19_0.png 238,473,282,546,1
Usmanabad_Pimpala Bk._17.85467266_76.0073034_z19_0.png 115,116,159,222,1
Usmanabad_Pimpala Kh._17.88362139_76.00165371_z19_0.png 98,448,225,568,1
Usmanabad_Shiradhon_17.98615359_76.00572525_z19_0.png 227,382,299,419,1
Usmanabad_Tadwala K._18.3407847_76.03891097_z19_0.png 244,359,299,407,0
Usmanabad_Tadwala K._18.34713616_76.03576616_z19_0.png 446,429,519,543,1
Usmanabad_Tadwale_18.38418966_76.04057782_z19_0.png 527,295,593,328,0
Usmanabad_Umarga_17.81301444_76.18575953_z19_0.png 425,545,523,600,1
Usmanabad_Upla_18.25123637_76.06063285_z19_0.png 166,384,247,446,1
Usmanabad_Yenegur_17.85161064_76.42474397_z19_0.png 416,416,578,539,1
Vashim__20.02286562_77.33759328_z19_0.png 429,389,482,434,0
Vashim__20.05716881_76.68753777_z19_0.png 471,226,558,500,1
Vashim__20.25756127_76.93542135_z19_0.png 298,449,357,517,0
Vashim__20.3372413_77.01011815_z19_0.png 65,192,106,242,0
Vashim__20.55934429_77.38380957_z19_0.png 91,202,177,270,1
Vashim__20.56649081_77.38751146_z19_0.png 150,483,206,579,1
Vashim_Aamkhed_20.24624025_77.09343322_z19_0.png 434,139,491,184,0
Vashim_Borkhedi_19.9886734_76.67767881_z19_0.png 455,454,513,520,0
Vashim_Chinchala_20.28970263_77.3051043_z19_0.png 293,311,325,378,0
Vashim_Dabhadi_20.13894199_77.36907403_z19_0.png 516,71,578,132,0 224,399,304,463,0
Vashim_Dhanora kh._20.21209285_77.3208136_z19_0.png 118,75,191,179,0
Vashim_Falegaon Thet_20.0731213_77.20419427_z19_0.png 319,288,385,348,0
Vashim_Goksavangi_20.27931231_76.9385081_z19_0.png 452,401,535,529,1
Vashim_Jambhrunwadi_20.20027644_77.05305553_z19_0.png 95,299,151,332,0
Vashim_Jambhrunwadi_20.20327755_77.05124316_z19_0.png 140,101,225,164,0
Vashim_Kinkhed_20.04410792_76.87338618_z19_0.png 405,134,463,204,0
Vashim_Pangridhan Kute_20.20429568_77.10370632_z19_0.png 149,466,204,523,0
Vashim_Pardi Tikhe_20.06748144_76.9381977_z19_0.png 160,325,232,382,0
Vashim_Shegi_20.16749645_77.41049164_z19_0.png 539,360,577,417,0 80,129,125,176,0
Vashim_Tamasi_20.14494785_77.07034921_z19_0.png 500,105,551,156,0
Vashim_Vilegaon_20.58948027_77.47400229_z19_0.png 449,236,505,286,0
Vashim_Wagholi Kh._19.97792034_77.07484305_z19_0.png 491,301,549,337,0
Wardha__20.47302408_78.96611521_z19_0.png 407,248,466,310,0
Wardha__20.64192432_78.98775852_z19_0.png 284,323,376,352,0
Wardha__20.66648376_78.50359048_z19_0.png 313,262,374,379,0
Wardha__20.66771245_78.51281868_z19_0.png 169,441,224,531,0
Wardha__20.67290045_78.99124689_z19_0.png 195,264,262,356,0
Wardha__20.6746856_78.99223726_z19_0.png 299,326,396,387,0
Wardha__20.67633393_78.58545349_z19_0.png 264,266,336,313,0
Wardha__20.68067637_78.58801713_z19_0.png 246,219,341,292,0
Wardha__20.68385656_78.59564644_z19_0.png 231,96,312,142,0
Wardha__20.73212428_79.03716386_z19_0.png 173,282,225,347,0
Wardha__20.79015198_78.57092949_z19_0.png 309,327,335,377,0
Wardha__20.84429437_78.31342177_z19_0.png 59,273,153,416,1
Wardha__20.84988659_78.31767039_z19_0.png 462,81,609,127,1
Wardha__20.90588514_78.71580332_z19_0.png 342,257,401,341,0
Wardha__20.92237836_78.48540155_z19_0.png 398,298,424,350,0
Wardha__20.96553164_78.54188435_z19_0.png 84,460,170,554,1
Wardha__21.03465609_78.55609974_z19_0.png 320,177,358,295,1
Wardha__21.0588839_78.53572844_z19_0.png 427,444,553,589,1
Wardha__21.143571_78.38679701_z19_0.png 235,542,372,599,1
Wardha__21.17678988_78.37541106_z19_0.png 218,309,304,391,1
Wardha__21.20388932_78.36266408_z19_0.png 324,353,413,448,1
Wardha_Amboda_20.73010412_78.48282489_z19_0.png 260,270,365,365,1
Wardha_Amboda_20.74539916_78.48456787_z19_0.png 90,135,152,183,1
Wardha_Arvi_21.00646636_78.24555106_z19_0.png 400,104,499,171,0
Wardha_Borgaon_21.15230528_78.38596861_z19_0.png 91,450,253,493,1
Wardha_Borkhedi_21.21230111_78.25151535_z19_0.png 131,66,193,226,1
Wardha_Borkhedi_21.21265418_78.25048217_z19_0.png 515,208,578,365,1
Wardha_Dhanoli ( gawande )_20.88136714_78.68443345_z19_0.png 389,326,472,360,0
Wardha_Murti_21.19081266_78.50281484_z19_0.png 169,291,204,453,1
Wardha_Nara_21.18429776_78.3727553_z19_0.png 302,147,482,274,1
Wardha_Parsodi_20.82969645_78.89797448_z19_0.png 448,427,590,459,1
Wardha_Salai_20.94677443_78.64375821_z19_0.png 179,297,278,360,1
Wardha_Sendari_20.61600547_78.28080607_z19_0.png 194,497,303,526,1
Wardha_Sukali (Station)_20.79372873_78.72402883_z19_0.png 342,127,565,335,1
Yavatmal__20.1021215_77.68194654_z19_0.png 395,284,446,341,0
Yavatmal__20.18626723_78.76632335_z19_0.png 187,313,277,416,0
Yavatmal__20.18670501_78.88828026_z19_0.png 338,479,402,507,0
Yavatmal__20.21862298_77.84735855_z19_0.png 292,237,349,324,0
Yavatmal__20.4409086_78.07772952_z19_0.png 240,319,333,367,0
Yavatmal_Ajanti_20.50936805_77.8211474_z19_0.png 445,489,511,548,0
Yavatmal_Andhbori_20.4208361_78.38603112_z19_0.png 286,256,338,309,0
Yavatmal_Andhbori_20.43181918_78.38961639_z19_0.png 301,323,356,368,0
Yavatmal_Bhari_20.38837779_78.19558376_z19_0.png 259,260,319,339,0
Yavatmal_Borgaon_19.98094739_78.58855438_z19_0.png 200,228,346,276,1
Yavatmal_Jawala_20.19567043_78.12057958_z19_0.png 411,405,463,520,1
Yavatmal_Korta_19.6392283_78.04368538_z19_0.png 279,299,326,377,0
Yavatmal_Mangi_19.89833435_78.37086909_z19_0.png 126,141,181,201,0
Yavatmal_Mawalni_20.48339_78.377905_z19_0.png 283,321,336,369,0
Yavatmal_Ramnagar_20.10287651_77.68074976_z19_0.png 272,378,322,416,0
Yavatmal_Watkhed Bk._20.578005_78.21739833_z19_0.png 337,279,372,339,0
Yavatmal_Yerad_20.35247905_78.24438364_z19_0.png 144,422,205,502,0 347,290,397,332,1
